{
 "cells": [
  {
   "cell_type": "code",
   "execution_count": 59,
   "metadata": {},
   "outputs": [],
   "source": [
    "import pandas as pd\n",
    "import numpy as np\n",
    "import matplotlib.pyplot as plt\n",
    "import seaborn as sns\n",
    "\n",
    "# pip install scikit-learn\n",
    "from sklearn.model_selection import train_test_split\n",
    "from sklearn.linear_model import LogisticRegression\n",
    "from sklearn import metrics\n",
    "from sklearn.metrics import classification_report\n",
    "from sklearn.metrics import confusion_matrix\n",
    "from sklearn.metrics import accuracy_score\n",
    "from sklearn.metrics import roc_auc_score\n"
   ]
  },
  {
   "cell_type": "code",
   "execution_count": 60,
   "metadata": {},
   "outputs": [],
   "source": [
    "\n",
    "# Path of CVC file\n",
    "csv_path = \"heart_disease_uci.csv\""
   ]
  },
  {
   "cell_type": "code",
   "execution_count": 61,
   "metadata": {},
   "outputs": [],
   "source": [
    "# Reading the path of CVC file and going to store in df file\n",
    "df = pd.read_csv(csv_path)\n"
   ]
  },
  {
   "cell_type": "code",
   "execution_count": 62,
   "metadata": {},
   "outputs": [
    {
     "data": {
      "text/html": [
       "<div>\n",
       "<style scoped>\n",
       "    .dataframe tbody tr th:only-of-type {\n",
       "        vertical-align: middle;\n",
       "    }\n",
       "\n",
       "    .dataframe tbody tr th {\n",
       "        vertical-align: top;\n",
       "    }\n",
       "\n",
       "    .dataframe thead th {\n",
       "        text-align: right;\n",
       "    }\n",
       "</style>\n",
       "<table border=\"1\" class=\"dataframe\">\n",
       "  <thead>\n",
       "    <tr style=\"text-align: right;\">\n",
       "      <th></th>\n",
       "      <th>id</th>\n",
       "      <th>age</th>\n",
       "      <th>sex</th>\n",
       "      <th>dataset</th>\n",
       "      <th>cp</th>\n",
       "      <th>trestbps</th>\n",
       "      <th>chol</th>\n",
       "      <th>fbs</th>\n",
       "      <th>restecg</th>\n",
       "      <th>thalch</th>\n",
       "      <th>exang</th>\n",
       "      <th>oldpeak</th>\n",
       "      <th>slope</th>\n",
       "      <th>ca</th>\n",
       "      <th>thal</th>\n",
       "      <th>num</th>\n",
       "    </tr>\n",
       "  </thead>\n",
       "  <tbody>\n",
       "    <tr>\n",
       "      <th>0</th>\n",
       "      <td>1</td>\n",
       "      <td>63</td>\n",
       "      <td>Male</td>\n",
       "      <td>Cleveland</td>\n",
       "      <td>typical angina</td>\n",
       "      <td>145.0</td>\n",
       "      <td>233.0</td>\n",
       "      <td>True</td>\n",
       "      <td>lv hypertrophy</td>\n",
       "      <td>150.0</td>\n",
       "      <td>False</td>\n",
       "      <td>2.3</td>\n",
       "      <td>downsloping</td>\n",
       "      <td>0.0</td>\n",
       "      <td>fixed defect</td>\n",
       "      <td>0</td>\n",
       "    </tr>\n",
       "    <tr>\n",
       "      <th>1</th>\n",
       "      <td>2</td>\n",
       "      <td>67</td>\n",
       "      <td>Male</td>\n",
       "      <td>Cleveland</td>\n",
       "      <td>asymptomatic</td>\n",
       "      <td>160.0</td>\n",
       "      <td>286.0</td>\n",
       "      <td>False</td>\n",
       "      <td>lv hypertrophy</td>\n",
       "      <td>108.0</td>\n",
       "      <td>True</td>\n",
       "      <td>1.5</td>\n",
       "      <td>flat</td>\n",
       "      <td>3.0</td>\n",
       "      <td>normal</td>\n",
       "      <td>2</td>\n",
       "    </tr>\n",
       "    <tr>\n",
       "      <th>2</th>\n",
       "      <td>3</td>\n",
       "      <td>67</td>\n",
       "      <td>Male</td>\n",
       "      <td>Cleveland</td>\n",
       "      <td>asymptomatic</td>\n",
       "      <td>120.0</td>\n",
       "      <td>229.0</td>\n",
       "      <td>False</td>\n",
       "      <td>lv hypertrophy</td>\n",
       "      <td>129.0</td>\n",
       "      <td>True</td>\n",
       "      <td>2.6</td>\n",
       "      <td>flat</td>\n",
       "      <td>2.0</td>\n",
       "      <td>reversable defect</td>\n",
       "      <td>1</td>\n",
       "    </tr>\n",
       "    <tr>\n",
       "      <th>3</th>\n",
       "      <td>4</td>\n",
       "      <td>37</td>\n",
       "      <td>Male</td>\n",
       "      <td>Cleveland</td>\n",
       "      <td>non-anginal</td>\n",
       "      <td>130.0</td>\n",
       "      <td>250.0</td>\n",
       "      <td>False</td>\n",
       "      <td>normal</td>\n",
       "      <td>187.0</td>\n",
       "      <td>False</td>\n",
       "      <td>3.5</td>\n",
       "      <td>downsloping</td>\n",
       "      <td>0.0</td>\n",
       "      <td>normal</td>\n",
       "      <td>0</td>\n",
       "    </tr>\n",
       "    <tr>\n",
       "      <th>4</th>\n",
       "      <td>5</td>\n",
       "      <td>41</td>\n",
       "      <td>Female</td>\n",
       "      <td>Cleveland</td>\n",
       "      <td>atypical angina</td>\n",
       "      <td>130.0</td>\n",
       "      <td>204.0</td>\n",
       "      <td>False</td>\n",
       "      <td>lv hypertrophy</td>\n",
       "      <td>172.0</td>\n",
       "      <td>False</td>\n",
       "      <td>1.4</td>\n",
       "      <td>upsloping</td>\n",
       "      <td>0.0</td>\n",
       "      <td>normal</td>\n",
       "      <td>0</td>\n",
       "    </tr>\n",
       "  </tbody>\n",
       "</table>\n",
       "</div>"
      ],
      "text/plain": [
       "   id  age     sex    dataset               cp  trestbps   chol    fbs  \\\n",
       "0   1   63    Male  Cleveland   typical angina     145.0  233.0   True   \n",
       "1   2   67    Male  Cleveland     asymptomatic     160.0  286.0  False   \n",
       "2   3   67    Male  Cleveland     asymptomatic     120.0  229.0  False   \n",
       "3   4   37    Male  Cleveland      non-anginal     130.0  250.0  False   \n",
       "4   5   41  Female  Cleveland  atypical angina     130.0  204.0  False   \n",
       "\n",
       "          restecg  thalch  exang  oldpeak        slope   ca  \\\n",
       "0  lv hypertrophy   150.0  False      2.3  downsloping  0.0   \n",
       "1  lv hypertrophy   108.0   True      1.5         flat  3.0   \n",
       "2  lv hypertrophy   129.0   True      2.6         flat  2.0   \n",
       "3          normal   187.0  False      3.5  downsloping  0.0   \n",
       "4  lv hypertrophy   172.0  False      1.4    upsloping  0.0   \n",
       "\n",
       "                thal  num  \n",
       "0       fixed defect    0  \n",
       "1             normal    2  \n",
       "2  reversable defect    1  \n",
       "3             normal    0  \n",
       "4             normal    0  "
      ]
     },
     "execution_count": 62,
     "metadata": {},
     "output_type": "execute_result"
    }
   ],
   "source": [
    "#  by using this method i saw the structure of the data and coloum name. In actual basic data heriricy of this CVC\n",
    "df.head()"
   ]
  },
  {
   "cell_type": "code",
   "execution_count": 63,
   "metadata": {},
   "outputs": [
    {
     "name": "stdout",
     "output_type": "stream",
     "text": [
      "<class 'pandas.core.frame.DataFrame'>\n",
      "RangeIndex: 920 entries, 0 to 919\n",
      "Data columns (total 16 columns):\n",
      " #   Column    Non-Null Count  Dtype  \n",
      "---  ------    --------------  -----  \n",
      " 0   id        920 non-null    int64  \n",
      " 1   age       920 non-null    int64  \n",
      " 2   sex       920 non-null    object \n",
      " 3   dataset   920 non-null    object \n",
      " 4   cp        920 non-null    object \n",
      " 5   trestbps  861 non-null    float64\n",
      " 6   chol      890 non-null    float64\n",
      " 7   fbs       830 non-null    object \n",
      " 8   restecg   918 non-null    object \n",
      " 9   thalch    865 non-null    float64\n",
      " 10  exang     865 non-null    object \n",
      " 11  oldpeak   858 non-null    float64\n",
      " 12  slope     611 non-null    object \n",
      " 13  ca        309 non-null    float64\n",
      " 14  thal      434 non-null    object \n",
      " 15  num       920 non-null    int64  \n",
      "dtypes: float64(5), int64(3), object(8)\n",
      "memory usage: 115.1+ KB\n"
     ]
    }
   ],
   "source": [
    "#its show the summery information about the data types, non-null values, and memory usage\n",
    "df.info()\n"
   ]
  },
  {
   "cell_type": "markdown",
   "metadata": {},
   "source": []
  },
  {
   "cell_type": "code",
   "execution_count": 64,
   "metadata": {},
   "outputs": [],
   "source": [
    "\n",
    "# Convert the values if 0 its mean there is fine and no sikness otherwise any value mean thee is something wrong and fine some illness\n",
    "df['num'] = df['num'].apply(lambda x: 1 if x > 0 else x)"
   ]
  },
  {
   "cell_type": "code",
   "execution_count": 65,
   "metadata": {},
   "outputs": [],
   "source": [
    "# Converting the String values into integer\n",
    "for column in df.columns:\n",
    "    # Check if the column data type is 'object' (which usually indicates strings)\n",
    "    if df[column].dtype == 'object':\n",
    "        # Convert string values to numeric values using categorical codes\n",
    "        df[column] = df[column].astype('category').cat.codes\n",
    "\n"
   ]
  },
  {
   "cell_type": "code",
   "execution_count": 66,
   "metadata": {},
   "outputs": [
    {
     "data": {
      "text/html": [
       "<div>\n",
       "<style scoped>\n",
       "    .dataframe tbody tr th:only-of-type {\n",
       "        vertical-align: middle;\n",
       "    }\n",
       "\n",
       "    .dataframe tbody tr th {\n",
       "        vertical-align: top;\n",
       "    }\n",
       "\n",
       "    .dataframe thead th {\n",
       "        text-align: right;\n",
       "    }\n",
       "</style>\n",
       "<table border=\"1\" class=\"dataframe\">\n",
       "  <thead>\n",
       "    <tr style=\"text-align: right;\">\n",
       "      <th></th>\n",
       "      <th>id</th>\n",
       "      <th>age</th>\n",
       "      <th>sex</th>\n",
       "      <th>dataset</th>\n",
       "      <th>cp</th>\n",
       "      <th>trestbps</th>\n",
       "      <th>chol</th>\n",
       "      <th>fbs</th>\n",
       "      <th>restecg</th>\n",
       "      <th>thalch</th>\n",
       "      <th>exang</th>\n",
       "      <th>oldpeak</th>\n",
       "      <th>slope</th>\n",
       "      <th>ca</th>\n",
       "      <th>thal</th>\n",
       "      <th>num</th>\n",
       "    </tr>\n",
       "  </thead>\n",
       "  <tbody>\n",
       "    <tr>\n",
       "      <th>0</th>\n",
       "      <td>1</td>\n",
       "      <td>63</td>\n",
       "      <td>1</td>\n",
       "      <td>0</td>\n",
       "      <td>3</td>\n",
       "      <td>145.0</td>\n",
       "      <td>233.0</td>\n",
       "      <td>1</td>\n",
       "      <td>0</td>\n",
       "      <td>150.0</td>\n",
       "      <td>0</td>\n",
       "      <td>2.3</td>\n",
       "      <td>0</td>\n",
       "      <td>0.0</td>\n",
       "      <td>0</td>\n",
       "      <td>0</td>\n",
       "    </tr>\n",
       "    <tr>\n",
       "      <th>1</th>\n",
       "      <td>2</td>\n",
       "      <td>67</td>\n",
       "      <td>1</td>\n",
       "      <td>0</td>\n",
       "      <td>0</td>\n",
       "      <td>160.0</td>\n",
       "      <td>286.0</td>\n",
       "      <td>0</td>\n",
       "      <td>0</td>\n",
       "      <td>108.0</td>\n",
       "      <td>1</td>\n",
       "      <td>1.5</td>\n",
       "      <td>1</td>\n",
       "      <td>3.0</td>\n",
       "      <td>1</td>\n",
       "      <td>1</td>\n",
       "    </tr>\n",
       "    <tr>\n",
       "      <th>2</th>\n",
       "      <td>3</td>\n",
       "      <td>67</td>\n",
       "      <td>1</td>\n",
       "      <td>0</td>\n",
       "      <td>0</td>\n",
       "      <td>120.0</td>\n",
       "      <td>229.0</td>\n",
       "      <td>0</td>\n",
       "      <td>0</td>\n",
       "      <td>129.0</td>\n",
       "      <td>1</td>\n",
       "      <td>2.6</td>\n",
       "      <td>1</td>\n",
       "      <td>2.0</td>\n",
       "      <td>2</td>\n",
       "      <td>1</td>\n",
       "    </tr>\n",
       "    <tr>\n",
       "      <th>3</th>\n",
       "      <td>4</td>\n",
       "      <td>37</td>\n",
       "      <td>1</td>\n",
       "      <td>0</td>\n",
       "      <td>2</td>\n",
       "      <td>130.0</td>\n",
       "      <td>250.0</td>\n",
       "      <td>0</td>\n",
       "      <td>1</td>\n",
       "      <td>187.0</td>\n",
       "      <td>0</td>\n",
       "      <td>3.5</td>\n",
       "      <td>0</td>\n",
       "      <td>0.0</td>\n",
       "      <td>1</td>\n",
       "      <td>0</td>\n",
       "    </tr>\n",
       "    <tr>\n",
       "      <th>4</th>\n",
       "      <td>5</td>\n",
       "      <td>41</td>\n",
       "      <td>0</td>\n",
       "      <td>0</td>\n",
       "      <td>1</td>\n",
       "      <td>130.0</td>\n",
       "      <td>204.0</td>\n",
       "      <td>0</td>\n",
       "      <td>0</td>\n",
       "      <td>172.0</td>\n",
       "      <td>0</td>\n",
       "      <td>1.4</td>\n",
       "      <td>2</td>\n",
       "      <td>0.0</td>\n",
       "      <td>1</td>\n",
       "      <td>0</td>\n",
       "    </tr>\n",
       "  </tbody>\n",
       "</table>\n",
       "</div>"
      ],
      "text/plain": [
       "   id  age  sex  dataset  cp  trestbps   chol  fbs  restecg  thalch  exang  \\\n",
       "0   1   63    1        0   3     145.0  233.0    1        0   150.0      0   \n",
       "1   2   67    1        0   0     160.0  286.0    0        0   108.0      1   \n",
       "2   3   67    1        0   0     120.0  229.0    0        0   129.0      1   \n",
       "3   4   37    1        0   2     130.0  250.0    0        1   187.0      0   \n",
       "4   5   41    0        0   1     130.0  204.0    0        0   172.0      0   \n",
       "\n",
       "   oldpeak  slope   ca  thal  num  \n",
       "0      2.3      0  0.0     0    0  \n",
       "1      1.5      1  3.0     1    1  \n",
       "2      2.6      1  2.0     2    1  \n",
       "3      3.5      0  0.0     1    0  \n",
       "4      1.4      2  0.0     1    0  "
      ]
     },
     "execution_count": 66,
     "metadata": {},
     "output_type": "execute_result"
    }
   ],
   "source": [
    "# After converting all values into integer lets check the table data, if everything is in correct formate as we are expecting\n",
    "df.head()"
   ]
  },
  {
   "cell_type": "code",
   "execution_count": 67,
   "metadata": {},
   "outputs": [
    {
     "data": {
      "text/html": [
       "<div>\n",
       "<style scoped>\n",
       "    .dataframe tbody tr th:only-of-type {\n",
       "        vertical-align: middle;\n",
       "    }\n",
       "\n",
       "    .dataframe tbody tr th {\n",
       "        vertical-align: top;\n",
       "    }\n",
       "\n",
       "    .dataframe thead th {\n",
       "        text-align: right;\n",
       "    }\n",
       "</style>\n",
       "<table border=\"1\" class=\"dataframe\">\n",
       "  <thead>\n",
       "    <tr style=\"text-align: right;\">\n",
       "      <th></th>\n",
       "      <th>id</th>\n",
       "      <th>age</th>\n",
       "      <th>sex</th>\n",
       "      <th>dataset</th>\n",
       "      <th>cp</th>\n",
       "      <th>trestbps</th>\n",
       "      <th>chol</th>\n",
       "      <th>fbs</th>\n",
       "      <th>restecg</th>\n",
       "      <th>thalch</th>\n",
       "      <th>exang</th>\n",
       "      <th>oldpeak</th>\n",
       "      <th>slope</th>\n",
       "      <th>ca</th>\n",
       "      <th>thal</th>\n",
       "      <th>num</th>\n",
       "    </tr>\n",
       "  </thead>\n",
       "  <tbody>\n",
       "    <tr>\n",
       "      <th>id</th>\n",
       "      <td>1.000000</td>\n",
       "      <td>0.239301</td>\n",
       "      <td>0.280053</td>\n",
       "      <td>0.949062</td>\n",
       "      <td>-0.189430</td>\n",
       "      <td>0.052924</td>\n",
       "      <td>-0.376936</td>\n",
       "      <td>-0.029703</td>\n",
       "      <td>0.470728</td>\n",
       "      <td>-0.466427</td>\n",
       "      <td>-0.002280</td>\n",
       "      <td>0.049930</td>\n",
       "      <td>-0.366020</td>\n",
       "      <td>0.061433</td>\n",
       "      <td>-0.497570</td>\n",
       "      <td>0.356086</td>\n",
       "    </tr>\n",
       "    <tr>\n",
       "      <th>age</th>\n",
       "      <td>0.239301</td>\n",
       "      <td>1.000000</td>\n",
       "      <td>0.056889</td>\n",
       "      <td>0.235076</td>\n",
       "      <td>-0.076519</td>\n",
       "      <td>0.244253</td>\n",
       "      <td>-0.086234</td>\n",
       "      <td>0.155343</td>\n",
       "      <td>-0.000065</td>\n",
       "      <td>-0.365778</td>\n",
       "      <td>0.069466</td>\n",
       "      <td>0.258243</td>\n",
       "      <td>0.117950</td>\n",
       "      <td>0.370416</td>\n",
       "      <td>0.120255</td>\n",
       "      <td>0.282700</td>\n",
       "    </tr>\n",
       "    <tr>\n",
       "      <th>sex</th>\n",
       "      <td>0.280053</td>\n",
       "      <td>0.056889</td>\n",
       "      <td>1.000000</td>\n",
       "      <td>0.285734</td>\n",
       "      <td>-0.125933</td>\n",
       "      <td>0.001087</td>\n",
       "      <td>-0.197281</td>\n",
       "      <td>0.011420</td>\n",
       "      <td>0.067874</td>\n",
       "      <td>-0.179320</td>\n",
       "      <td>0.085375</td>\n",
       "      <td>0.103930</td>\n",
       "      <td>-0.065730</td>\n",
       "      <td>0.094123</td>\n",
       "      <td>-0.053618</td>\n",
       "      <td>0.307284</td>\n",
       "    </tr>\n",
       "    <tr>\n",
       "      <th>dataset</th>\n",
       "      <td>0.949062</td>\n",
       "      <td>0.235076</td>\n",
       "      <td>0.285734</td>\n",
       "      <td>1.000000</td>\n",
       "      <td>-0.150334</td>\n",
       "      <td>0.021227</td>\n",
       "      <td>-0.416648</td>\n",
       "      <td>-0.008599</td>\n",
       "      <td>0.453732</td>\n",
       "      <td>-0.414609</td>\n",
       "      <td>-0.048615</td>\n",
       "      <td>0.053002</td>\n",
       "      <td>-0.372617</td>\n",
       "      <td>0.030384</td>\n",
       "      <td>-0.464592</td>\n",
       "      <td>0.295696</td>\n",
       "    </tr>\n",
       "    <tr>\n",
       "      <th>cp</th>\n",
       "      <td>-0.189430</td>\n",
       "      <td>-0.076519</td>\n",
       "      <td>-0.125933</td>\n",
       "      <td>-0.150334</td>\n",
       "      <td>1.000000</td>\n",
       "      <td>-0.023508</td>\n",
       "      <td>0.065279</td>\n",
       "      <td>0.058423</td>\n",
       "      <td>-0.074518</td>\n",
       "      <td>0.300812</td>\n",
       "      <td>-0.324982</td>\n",
       "      <td>-0.181486</td>\n",
       "      <td>-0.053495</td>\n",
       "      <td>-0.199452</td>\n",
       "      <td>-0.002331</td>\n",
       "      <td>-0.385077</td>\n",
       "    </tr>\n",
       "    <tr>\n",
       "      <th>trestbps</th>\n",
       "      <td>0.052924</td>\n",
       "      <td>0.244253</td>\n",
       "      <td>0.001087</td>\n",
       "      <td>0.021227</td>\n",
       "      <td>-0.023508</td>\n",
       "      <td>1.000000</td>\n",
       "      <td>0.092853</td>\n",
       "      <td>0.176547</td>\n",
       "      <td>0.017666</td>\n",
       "      <td>-0.104899</td>\n",
       "      <td>0.152328</td>\n",
       "      <td>0.161908</td>\n",
       "      <td>-0.024447</td>\n",
       "      <td>0.093705</td>\n",
       "      <td>0.055144</td>\n",
       "      <td>0.106233</td>\n",
       "    </tr>\n",
       "    <tr>\n",
       "      <th>chol</th>\n",
       "      <td>-0.376936</td>\n",
       "      <td>-0.086234</td>\n",
       "      <td>-0.197281</td>\n",
       "      <td>-0.416648</td>\n",
       "      <td>0.065279</td>\n",
       "      <td>0.092853</td>\n",
       "      <td>1.000000</td>\n",
       "      <td>0.368865</td>\n",
       "      <td>-0.196085</td>\n",
       "      <td>0.236121</td>\n",
       "      <td>-0.024521</td>\n",
       "      <td>0.047734</td>\n",
       "      <td>-0.042069</td>\n",
       "      <td>0.051606</td>\n",
       "      <td>-0.008561</td>\n",
       "      <td>-0.230583</td>\n",
       "    </tr>\n",
       "    <tr>\n",
       "      <th>fbs</th>\n",
       "      <td>-0.029703</td>\n",
       "      <td>0.155343</td>\n",
       "      <td>0.011420</td>\n",
       "      <td>-0.008599</td>\n",
       "      <td>0.058423</td>\n",
       "      <td>0.176547</td>\n",
       "      <td>0.368865</td>\n",
       "      <td>1.000000</td>\n",
       "      <td>-0.038943</td>\n",
       "      <td>0.057052</td>\n",
       "      <td>-0.067480</td>\n",
       "      <td>0.053898</td>\n",
       "      <td>-0.079108</td>\n",
       "      <td>0.088255</td>\n",
       "      <td>0.066844</td>\n",
       "      <td>-0.037787</td>\n",
       "    </tr>\n",
       "    <tr>\n",
       "      <th>restecg</th>\n",
       "      <td>0.470728</td>\n",
       "      <td>-0.000065</td>\n",
       "      <td>0.067874</td>\n",
       "      <td>0.453732</td>\n",
       "      <td>-0.074518</td>\n",
       "      <td>0.017666</td>\n",
       "      <td>-0.196085</td>\n",
       "      <td>-0.038943</td>\n",
       "      <td>1.000000</td>\n",
       "      <td>-0.174826</td>\n",
       "      <td>-0.041413</td>\n",
       "      <td>-0.027141</td>\n",
       "      <td>-0.252018</td>\n",
       "      <td>-0.114783</td>\n",
       "      <td>-0.373821</td>\n",
       "      <td>0.052039</td>\n",
       "    </tr>\n",
       "    <tr>\n",
       "      <th>thalch</th>\n",
       "      <td>-0.466427</td>\n",
       "      <td>-0.365778</td>\n",
       "      <td>-0.179320</td>\n",
       "      <td>-0.414609</td>\n",
       "      <td>0.300812</td>\n",
       "      <td>-0.104899</td>\n",
       "      <td>0.236121</td>\n",
       "      <td>0.057052</td>\n",
       "      <td>-0.174826</td>\n",
       "      <td>1.000000</td>\n",
       "      <td>-0.356439</td>\n",
       "      <td>-0.151174</td>\n",
       "      <td>0.127390</td>\n",
       "      <td>-0.264094</td>\n",
       "      <td>0.089561</td>\n",
       "      <td>-0.394503</td>\n",
       "    </tr>\n",
       "    <tr>\n",
       "      <th>exang</th>\n",
       "      <td>-0.002280</td>\n",
       "      <td>0.069466</td>\n",
       "      <td>0.085375</td>\n",
       "      <td>-0.048615</td>\n",
       "      <td>-0.324982</td>\n",
       "      <td>0.152328</td>\n",
       "      <td>-0.024521</td>\n",
       "      <td>-0.067480</td>\n",
       "      <td>-0.041413</td>\n",
       "      <td>-0.356439</td>\n",
       "      <td>1.000000</td>\n",
       "      <td>0.387009</td>\n",
       "      <td>0.285201</td>\n",
       "      <td>0.127385</td>\n",
       "      <td>0.166089</td>\n",
       "      <td>0.345154</td>\n",
       "    </tr>\n",
       "    <tr>\n",
       "      <th>oldpeak</th>\n",
       "      <td>0.049930</td>\n",
       "      <td>0.258243</td>\n",
       "      <td>0.103930</td>\n",
       "      <td>0.053002</td>\n",
       "      <td>-0.181486</td>\n",
       "      <td>0.161908</td>\n",
       "      <td>0.047734</td>\n",
       "      <td>0.053898</td>\n",
       "      <td>-0.027141</td>\n",
       "      <td>-0.151174</td>\n",
       "      <td>0.387009</td>\n",
       "      <td>1.000000</td>\n",
       "      <td>0.247706</td>\n",
       "      <td>0.281817</td>\n",
       "      <td>0.071574</td>\n",
       "      <td>0.385528</td>\n",
       "    </tr>\n",
       "    <tr>\n",
       "      <th>slope</th>\n",
       "      <td>-0.366020</td>\n",
       "      <td>0.117950</td>\n",
       "      <td>-0.065730</td>\n",
       "      <td>-0.372617</td>\n",
       "      <td>-0.053495</td>\n",
       "      <td>-0.024447</td>\n",
       "      <td>-0.042069</td>\n",
       "      <td>-0.079108</td>\n",
       "      <td>-0.252018</td>\n",
       "      <td>0.127390</td>\n",
       "      <td>0.285201</td>\n",
       "      <td>0.247706</td>\n",
       "      <td>1.000000</td>\n",
       "      <td>-0.074230</td>\n",
       "      <td>0.444893</td>\n",
       "      <td>0.115109</td>\n",
       "    </tr>\n",
       "    <tr>\n",
       "      <th>ca</th>\n",
       "      <td>0.061433</td>\n",
       "      <td>0.370416</td>\n",
       "      <td>0.094123</td>\n",
       "      <td>0.030384</td>\n",
       "      <td>-0.199452</td>\n",
       "      <td>0.093705</td>\n",
       "      <td>0.051606</td>\n",
       "      <td>0.088255</td>\n",
       "      <td>-0.114783</td>\n",
       "      <td>-0.264094</td>\n",
       "      <td>0.127385</td>\n",
       "      <td>0.281817</td>\n",
       "      <td>-0.074230</td>\n",
       "      <td>1.000000</td>\n",
       "      <td>0.100665</td>\n",
       "      <td>0.455599</td>\n",
       "    </tr>\n",
       "    <tr>\n",
       "      <th>thal</th>\n",
       "      <td>-0.497570</td>\n",
       "      <td>0.120255</td>\n",
       "      <td>-0.053618</td>\n",
       "      <td>-0.464592</td>\n",
       "      <td>-0.002331</td>\n",
       "      <td>0.055144</td>\n",
       "      <td>-0.008561</td>\n",
       "      <td>0.066844</td>\n",
       "      <td>-0.373821</td>\n",
       "      <td>0.089561</td>\n",
       "      <td>0.166089</td>\n",
       "      <td>0.071574</td>\n",
       "      <td>0.444893</td>\n",
       "      <td>0.100665</td>\n",
       "      <td>1.000000</td>\n",
       "      <td>0.090849</td>\n",
       "    </tr>\n",
       "    <tr>\n",
       "      <th>num</th>\n",
       "      <td>0.356086</td>\n",
       "      <td>0.282700</td>\n",
       "      <td>0.307284</td>\n",
       "      <td>0.295696</td>\n",
       "      <td>-0.385077</td>\n",
       "      <td>0.106233</td>\n",
       "      <td>-0.230583</td>\n",
       "      <td>-0.037787</td>\n",
       "      <td>0.052039</td>\n",
       "      <td>-0.394503</td>\n",
       "      <td>0.345154</td>\n",
       "      <td>0.385528</td>\n",
       "      <td>0.115109</td>\n",
       "      <td>0.455599</td>\n",
       "      <td>0.090849</td>\n",
       "      <td>1.000000</td>\n",
       "    </tr>\n",
       "  </tbody>\n",
       "</table>\n",
       "</div>"
      ],
      "text/plain": [
       "                id       age       sex   dataset        cp  trestbps  \\\n",
       "id        1.000000  0.239301  0.280053  0.949062 -0.189430  0.052924   \n",
       "age       0.239301  1.000000  0.056889  0.235076 -0.076519  0.244253   \n",
       "sex       0.280053  0.056889  1.000000  0.285734 -0.125933  0.001087   \n",
       "dataset   0.949062  0.235076  0.285734  1.000000 -0.150334  0.021227   \n",
       "cp       -0.189430 -0.076519 -0.125933 -0.150334  1.000000 -0.023508   \n",
       "trestbps  0.052924  0.244253  0.001087  0.021227 -0.023508  1.000000   \n",
       "chol     -0.376936 -0.086234 -0.197281 -0.416648  0.065279  0.092853   \n",
       "fbs      -0.029703  0.155343  0.011420 -0.008599  0.058423  0.176547   \n",
       "restecg   0.470728 -0.000065  0.067874  0.453732 -0.074518  0.017666   \n",
       "thalch   -0.466427 -0.365778 -0.179320 -0.414609  0.300812 -0.104899   \n",
       "exang    -0.002280  0.069466  0.085375 -0.048615 -0.324982  0.152328   \n",
       "oldpeak   0.049930  0.258243  0.103930  0.053002 -0.181486  0.161908   \n",
       "slope    -0.366020  0.117950 -0.065730 -0.372617 -0.053495 -0.024447   \n",
       "ca        0.061433  0.370416  0.094123  0.030384 -0.199452  0.093705   \n",
       "thal     -0.497570  0.120255 -0.053618 -0.464592 -0.002331  0.055144   \n",
       "num       0.356086  0.282700  0.307284  0.295696 -0.385077  0.106233   \n",
       "\n",
       "              chol       fbs   restecg    thalch     exang   oldpeak  \\\n",
       "id       -0.376936 -0.029703  0.470728 -0.466427 -0.002280  0.049930   \n",
       "age      -0.086234  0.155343 -0.000065 -0.365778  0.069466  0.258243   \n",
       "sex      -0.197281  0.011420  0.067874 -0.179320  0.085375  0.103930   \n",
       "dataset  -0.416648 -0.008599  0.453732 -0.414609 -0.048615  0.053002   \n",
       "cp        0.065279  0.058423 -0.074518  0.300812 -0.324982 -0.181486   \n",
       "trestbps  0.092853  0.176547  0.017666 -0.104899  0.152328  0.161908   \n",
       "chol      1.000000  0.368865 -0.196085  0.236121 -0.024521  0.047734   \n",
       "fbs       0.368865  1.000000 -0.038943  0.057052 -0.067480  0.053898   \n",
       "restecg  -0.196085 -0.038943  1.000000 -0.174826 -0.041413 -0.027141   \n",
       "thalch    0.236121  0.057052 -0.174826  1.000000 -0.356439 -0.151174   \n",
       "exang    -0.024521 -0.067480 -0.041413 -0.356439  1.000000  0.387009   \n",
       "oldpeak   0.047734  0.053898 -0.027141 -0.151174  0.387009  1.000000   \n",
       "slope    -0.042069 -0.079108 -0.252018  0.127390  0.285201  0.247706   \n",
       "ca        0.051606  0.088255 -0.114783 -0.264094  0.127385  0.281817   \n",
       "thal     -0.008561  0.066844 -0.373821  0.089561  0.166089  0.071574   \n",
       "num      -0.230583 -0.037787  0.052039 -0.394503  0.345154  0.385528   \n",
       "\n",
       "             slope        ca      thal       num  \n",
       "id       -0.366020  0.061433 -0.497570  0.356086  \n",
       "age       0.117950  0.370416  0.120255  0.282700  \n",
       "sex      -0.065730  0.094123 -0.053618  0.307284  \n",
       "dataset  -0.372617  0.030384 -0.464592  0.295696  \n",
       "cp       -0.053495 -0.199452 -0.002331 -0.385077  \n",
       "trestbps -0.024447  0.093705  0.055144  0.106233  \n",
       "chol     -0.042069  0.051606 -0.008561 -0.230583  \n",
       "fbs      -0.079108  0.088255  0.066844 -0.037787  \n",
       "restecg  -0.252018 -0.114783 -0.373821  0.052039  \n",
       "thalch    0.127390 -0.264094  0.089561 -0.394503  \n",
       "exang     0.285201  0.127385  0.166089  0.345154  \n",
       "oldpeak   0.247706  0.281817  0.071574  0.385528  \n",
       "slope     1.000000 -0.074230  0.444893  0.115109  \n",
       "ca       -0.074230  1.000000  0.100665  0.455599  \n",
       "thal      0.444893  0.100665  1.000000  0.090849  \n",
       "num       0.115109  0.455599  0.090849  1.000000  "
      ]
     },
     "execution_count": 67,
     "metadata": {},
     "output_type": "execute_result"
    }
   ],
   "source": [
    "#calculates the correlation matrix of the DataFrame\n",
    "corr = df.corr()\n",
    "corr"
   ]
  },
  {
   "cell_type": "code",
   "execution_count": 68,
   "metadata": {},
   "outputs": [
    {
     "data": {
      "text/plain": [
       "<Axes: >"
      ]
     },
     "execution_count": 68,
     "metadata": {},
     "output_type": "execute_result"
    },
    {
     "data": {
